126 140
1 132
125
30 77
59 97
125 68
51 85
91 48
35 104
47 20
6 48
43 83
42 79
87 35
114 129
81 26
105 26
69 82
60 79
46 88
84 121
45 86
87 47
13 127
40 138
100 92
56 54
52 96
15 135
42 12
84 77
48 133
120 66
87 135
69 111
81 24
85 126
45 27
85 55
121 71
113 81
70 3
82 117
85 76
64 50
109 109
106 51
51 51
101 130
7 79
57 57
74 121
25 125
36 91
94 23
62 33
95 123
69 87
79 120
13 26
19 12
74 132
18 2
88 106
83 98
78 0
76 46
21 14
100 56
49 10
124 119
96 92
63 74
35 35
61 67
84 119
109 61
65 129
15 111
17 132
41 42
104 35
122 137
34 124
124 59
0 80
114 46
26 98
86 3
76 59
54 15
67 23
35 61
106 78
61 13
112 33
19 37
99 117
5 67
88 95
78 112
97 65
71 96
111 12
3 15
122 56
16 31
1 121
6 104
19 64
1 21
86 114
125 113
60 65
87 139
34 86
8 86
83 122
59 18
7 105
119 60
47 60
13 40
10 95
19 133
44 96
91 2
93 75
0 25
