133 199
7 15
120
2 84
10 172
46 177
42 134
35 26
53 130
118 51
85 48
19 24
4 90
56 146
23 11
89 81
38 114
18 176
110 157
115 194
102 47
83 3
30 133
61 88
94 71
82 26
7 75
16 31
35 44
6 134
73 56
41 89
44 91
93 85
50 121
104 162
20 4
57 143
128 13
129 76
74 65
103 179
118 177
55 151
89 128
69 29
29 165
45 32
35 74
65 96
69 105
2 156
123 16
83 129
19 46
48 82
71 149
104 191
80 66
16 174
65 22
129 7
100 89
110 196
51 60
59 46
123 133
2 183
128 54
119 20
98 185
28 83
54 98
40 147
63 103
1 74
6 36
1 103
72 191
101 115
124 185
109 191
20 95
103 6
121 164
0 135
108 118
46 123
95 71
105 51
102 146
53 136
52 182
87 89
49 24
81 54
67 105
125 192
97 61
22 69
12 170
63 106
19 46
60 30
64 75
4 189
126 133
120 73
87 101
128 64
125 120
60 49
91 24
87 30
62 132
107 143
114 47
115 190
106 91
51 107
97 124
69 66
62 39
108 14
