196 97
85 71
106
48 10
185 29
32 74
4 80
87 30
190 80
184 22
129 88
132 77
15 42
4 39
177 31
180 7
93 21
27 46
152 34
188 11
38 17
153 0
40 65
190 24
108 66
162 84
144 91
103 22
141 43
180 88
6 91
16 47
102 82
65 76
15 42
183 94
117 42
132 4
99 13
101 82
85 45
150 52
99 9
15 18
118 46
95 60
141 80
103 92
0 28
85 3
84 54
37 75
82 14
184 26
31 89
20 26
40 32
114 25
84 67
157 46
99 7
54 49
102 87
48 90
30 85
177 23
1 50
35 45
112 45
107 19
122 48
48 75
2 21
140 47
146 81
144 77
88 9
53 82
177 14
32 65
0 38
82 27
161 93
20 57
108 64
156 9
146 73
60 36
143 67
141 75
53 31
148 75
40 37
28 55
171 66
97 17
132 90
80 50
184 4
37 52
170 41
130 24
178 12
193 93
138 18
33 49
153 46
90 57
12 87
115 96
