133 194
34 116
92
78 57
20 158
111 94
109 183
37 36
37 4
91 155
74 191
47 157
0 163
6 114
15 114
97 170
91 165
121 169
89 28
35 158
9 135
115 193
21 121
101 117
81 11
28 97
30 41
99 171
56 153
18 75
62 142
113 100
95 191
99 108
26 175
24 152
81 165
100 73
102 84
113 109
105 122
111 94
31 101
69 50
50 26
77 46
7 109
34 76
73 176
51 84
103 77
96 113
9 56
124 128
118 184
108 128
114 64
23 104
96 89
103 131
38 51
54 121
121 3
20 89
43 48
105 74
26 188
28 176
58 191
119 35
109 49
71 153
90 0
26 180
118 51
49 75
37 3
82 37
84 114
38 139
97 26
37 42
41 90
25 26
52 145
15 138
14 171
113 45
109 159
23 53
20 43
43 6
79 105
50 177
1 182
9 93
